2017-03-06,19:22:42,14,32,0.00,0.00,0.00,8,8,10,10,10,10,3516,460,31,1,0,0
2017-03-06,19:22:51,5,12,0.00,0.00,0.00,2,2,4,4,4,4,600,139,27,1,0,0
2017-03-06,19:23:51,2,6,0.00,0.00,0.00,1,1,2,2,2,2,471,115,19,0,0,0
2017-03-06,19:23:59,4,9,0.00,0.00,0.00,2,2,3,3,3,3,1035,151,17,0,0,0
2017-03-06,19:24:06,1,3,0.00,0.00,0.00,1,1,1,1,1,1,1026,153,11,0,0,0
2017-03-06,19:24:14,4,9,0.00,0.00,0.00,2,2,3,3,3,3,1071,164,13,0,0,0
2017-03-06,19:24:21,2,6,0.00,0.00,0.00,1,1,2,2,2,2,486,137,25,0,0,0
2017-03-06,19:24:28,2,6,0.00,0.00,0.00,1,1,2,2,2,2,480,133,25,0,0,0
2017-03-06,19:24:36,2,6,0.00,0.00,0.00,2,2,2,2,2,2,1308,174,25,0,0,0
2017-03-06,19:24:43,2,6,0.00,0.00,0.00,1,1,2,2,2,2,1179,145,11,0,0,0
2017-03-06,19:24:51,5,12,0.00,0.00,0.00,3,3,4,4,4,4,2082,225,12,1,0,0
2017-03-06,19:24:58,2,6,0.00,0.00,0.00,2,2,2,2,2,2,1290,192,13,1,0,0
2017-03-06,19:25:06,2,6,0.00,0.00,0.00,2,2,2,2,2,2,1320,181,10,1,0,0
2017-03-06,19:25:13,1,3,0.00,0.00,0.00,0,0,1,1,1,1,462,108,7,0,0,0
2017-03-06,19:25:20,2,6,0.00,0.00,0.00,2,2,2,2,2,2,501,118,8,1,0,0
2017-03-06,19:25:27,0,0,0.00,0.00,0.00,0,0,0,0,1,1,483,102,6,1,0,0
2017-03-06,19:25:35,2,6,0.00,0.00,0.00,2,2,2,2,4,4,774,139,18,3,1,1
2017-03-06,19:25:42,2,6,0.00,0.00,0.00,1,1,2,2,4,4,813,150,25,3,2,2
2017-03-06,19:25:49,2,6,0.00,0.00,0.00,1,1,2,2,4,4,804,154,27,3,2,2
2017-03-06,19:25:57,1,3,0.00,0.00,0.00,1,1,1,1,3,3,450,127,24,2,1,1
2017-03-06,19:26:04,1,3,0.00,0.00,0.00,1,1,1,1,1,1,435,124,20,0,0,0
2017-03-06,19:26:11,1,3,0.00,0.00,0.00,1,1,1,1,2,2,441,130,25,1,1,1
2017-03-06,19:26:18,1,3,0.00,0.00,0.00,1,1,1,1,2,2,450,132,19,1,1,1
2017-03-06,19:26:25,2,6,0.00,0.00,0.00,1,1,2,2,2,2,441,128,20,1,1,1
2017-03-06,19:26:32,1,3,0.00,0.00,0.00,0,0,1,1,2,2,393,110,17,1,1,1
2017-03-06,19:26:39,1,3,0.00,0.00,0.00,0,0,1,1,1,1,396,108,12,3,0,0
2017-03-06,19:26:46,1,3,0.00,0.00,0.00,0,0,1,1,2,2,408,115,13,4,0,0
2017-03-06,19:26:53,1,3,0.00,0.00,0.00,0,0,1,1,2,2,390,118,10,4,0,0
2017-03-06,19:27:00,4,9,0.00,0.00,0.00,2,2,3,3,5,5,429,130,19,7,3,3
2017-03-06,19:27:08,2,6,0.00,0.00,0.00,1,1,2,2,4,4,468,138,22,3,3,3
2017-03-06,19:27:15,2,6,0.00,0.00,0.00,1,1,2,2,4,4,492,133,22,4,3,3
2017-03-06,19:27:23,2,6,0.00,0.00,0.00,1,1,2,2,5,5,504,136,26,6,5,4
2017-03-06,19:27:30,2,6,0.00,0.00,0.00,1,1,2,2,3,3,504,130,20,4,2,1
2017-03-06,19:27:37,2,6,0.00,0.00,0.00,1,1,2,2,3,3,609,142,24,4,2,1
2017-03-06,19:27:45,4,9,0.00,0.00,0.00,2,2,3,3,3,3,762,141,20,2,1,0
2017-03-06,19:27:53,2,6,0.00,0.00,0.00,1,1,2,2,2,2,798,125,21,1,0,0
2017-03-06,19:28:00,2,6,0.00,0.00,0.00,1,1,2,2,2,2,882,136,17,0,0,0
2017-03-06,19:28:07,2,6,0.00,0.00,0.00,1,1,2,2,2,2,879,150,20,1,0,0
2017-03-06,19:28:15,4,9,0.00,0.00,0.00,3,3,3,3,3,3,999,178,26,1,0,0
2017-03-06,19:28:22,2,6,0.00,0.00,0.00,1,1,2,2,2,2,906,158,23,1,0,0
2017-03-06,19:28:30,1,3,0.00,0.00,0.00,1,1,1,1,2,2,873,130,21,3,1,1
2017-03-06,19:28:37,2,6,0.00,0.00,0.00,1,1,2,2,3,3,894,110,9,4,1,1
2017-03-06,19:28:44,2,6,0.00,0.00,0.00,1,1,2,2,2,2,981,131,13,4,1,1
2017-03-06,19:28:52,1,3,0.00,0.00,0.00,1,1,1,1,1,1,1035,129,10,1,0,0
2017-03-06,19:28:59,1,3,0.00,0.00,0.00,1,1,1,1,1,1,1233,121,16,1,0,0
2017-03-06,19:29:06,2,6,0.00,0.00,0.00,1,1,2,2,2,2,1308,138,21,0,0,0
2017-03-06,19:29:13,4,9,0.00,0.00,0.00,2,2,3,3,3,3,1338,135,18,1,1,1
2017-03-06,19:29:20,2,6,0.00,0.00,0.00,2,2,2,2,3,3,1305,131,10,1,1,1
2017-03-06,19:29:28,1,3,0.00,0.00,0.00,1,1,1,1,2,2,1260,129,6,1,1,1
2017-03-06,19:29:35,2,6,0.00,0.00,0.00,2,2,2,2,3,3,1284,152,10,2,1,1
2017-03-06,19:29:42,4,9,0.00,0.00,0.00,3,3,3,3,4,4,1278,161,14,2,0,0
2017-03-06,19:29:50,4,9,0.00,0.00,0.00,2,2,3,3,3,3,1161,168,18,3,0,0
2017-03-06,19:29:58,2,6,0.00,0.00,0.00,1,1,2,2,3,3,984,157,17,4,0,0
2017-03-06,19:30:05,2,6,0.00,0.00,0.00,1,1,2,2,2,2,852,136,15,3,0,0
2017-03-06,19:30:12,4,9,0.00,0.00,0.00,2,2,3,3,3,3,846,138,13,2,0,0
2017-03-06,19:30:20,2,6,0.00,0.00,0.00,2,2,2,2,2,2,885,130,13,1,0,0
2017-03-06,19:30:27,2,6,0.00,0.00,0.00,2,2,2,2,2,2,1065,117,11,0,0,0
2017-03-06,19:30:34,1,3,0.00,0.00,0.00,0,0,1,1,1,1,1356,113,7,0,0,0
2017-03-06,19:30:41,1,3,0.00,0.00,0.00,1,1,1,1,1,1,1908,134,9,0,0,0
2017-03-06,19:30:48,2,6,0.00,0.00,0.00,1,1,2,2,2,2,2571,173,12,1,0,0
2017-03-06,19:30:56,5,12,0.00,0.00,0.00,3,3,4,4,4,4,2943,213,18,1,0,0
2017-03-06,19:31:04,5,12,0.00,0.00,0.00,2,2,4,4,4,4,3243,242,16,1,0,0
2017-03-06,19:31:11,5,12,0.00,0.00,0.00,3,3,4,4,4,4,3006,247,18,0,0,0
2017-03-06,19:31:19,4,9,0.00,0.00,0.00,3,3,3,3,3,3,3105,244,13,0,0,0
2017-03-06,19:31:26,4,9,0.00,0.00,0.00,2,2,3,3,3,3,2196,208,16,1,0,0
2017-03-06,19:31:34,4,9,0.00,0.00,0.00,3,3,3,3,4,4,2001,185,18,1,0,0
2017-03-06,19:31:41,4,9,0.00,0.00,0.00,2,2,3,3,4,4,1854,186,21,1,0,0
2017-03-06,19:31:49,4,9,0.00,0.00,0.00,1,1,3,3,3,3,2040,195,21,0,0,0
2017-03-06,19:31:57,4,9,0.00,0.00,0.00,2,2,3,3,3,3,2046,198,15,0,0,0
2017-03-06,19:32:06,20,45,0.00,0.00,0.00,11,11,14,14,14,14,3843,748,34,1,0,0
2017-03-06,19:32:13,7,16,0.00,0.00,0.00,2,2,5,5,5,5,909,157,31,1,0,0
2017-03-06,19:32:21,5,12,0.00,0.00,0.00,2,2,4,4,4,4,882,145,22,0,0,0
2017-03-06,19:32:28,2,6,0.00,0.00,0.00,1,1,2,2,2,2,894,140,22,0,0,0
2017-03-06,19:32:36,2,6,0.00,0.00,0.00,1,1,2,2,2,2,732,138,22,1,1,0
2017-03-06,19:32:43,1,3,0.00,0.00,0.00,1,1,1,1,2,2,660,138,16,1,1,0
2017-03-06,19:32:50,1,3,0.00,0.00,0.00,1,1,1,1,2,2,639,142,15,1,1,0
2017-03-06,19:32:57,1,3,0.00,0.00,0.00,0,0,1,1,1,1,522,125,10,1,1,0
2017-03-06,19:33:04,1,3,0.00,0.00,0.00,0,0,1,1,2,2,525,118,13,2,2,1
2017-03-06,19:33:12,1,3,0.00,0.00,0.00,1,1,1,1,3,3,633,97,10,3,2,1
2017-03-06,19:33:19,1,3,0.00,0.00,0.00,1,1,1,1,2,2,828,119,12,3,2,1
2017-03-06,19:33:26,2,6,0.00,0.00,0.00,2,2,2,2,4,4,1077,139,18,3,2,2
2017-03-06,19:33:34,4,9,0.00,0.00,0.00,2,2,3,3,4,4,1245,138,17,2,2,1
2017-03-06,19:33:41,2,6,0.00,0.00,0.00,2,2,2,2,4,4,1272,132,20,2,2,1
2017-03-06,19:33:48,1,3,0.00,0.00,0.00,0,0,1,1,3,3,1185,121,18,4,2,1
2017-03-06,19:33:56,1,3,0.00,0.00,0.00,0,0,1,1,2,2,861,115,14,3,1,1
2017-03-06,19:34:03,1,3,0.00,0.00,0.00,1,1,1,1,2,2,825,127,16,3,1,1
2017-03-06,19:34:11,38,73,0.00,0.00,0.00,27,23,27,27,27,27,7041,1677,15,0,0,0
2017-03-06,19:34:21,58,102,0.00,0.00,0.00,47,33,49,41,49,47,16881,2941,23,0,0,0
2017-03-06,19:34:30,31,63,0.00,0.00,0.00,19,19,22,22,23,23,8865,1210,39,2,1,1
2017-03-06,19:34:43,17,38,0.00,0.00,0.00,10,10,12,12,14,14,5694,658,22,4,2,2
2017-03-06,19:34:57,41,77,0.00,0.00,0.00,28,24,29,29,30,30,7242,1708,27,2,1,0
2017-03-06,19:35:11,4,9,0.00,0.00,0.00,2,2,3,3,3,3,531,123,26,1,0,0
2017-03-06,19:35:24,4,9,0.00,0.00,0.00,2,2,3,3,4,4,438,138,19,2,1,0
2017-03-06,19:35:38,0,0,0.00,0.00,0.00,0,0,0,0,1,1,273,84,11,1,1,0
2017-03-06,19:35:51,1,3,0.00,0.00,0.00,1,1,1,1,1,1,480,104,6,0,0,0
2017-03-06,19:36:04,1,3,0.00,0.00,0.00,0,0,1,1,1,1,546,111,3,0,0,0
2017-03-06,19:36:18,4,9,0.00,0.00,0.00,3,3,3,3,3,3,1176,194,8,1,0,0
2017-03-06,19:36:32,4,9,0.00,0.00,0.00,3,3,3,3,3,3,1176,198,8,1,0,0
2017-03-06,19:36:46,8,19,0.00,0.00,0.00,5,5,6,6,6,6,2715,339,11,0,0,0
2017-03-06,19:37:00,7,16,0.00,0.00,0.00,5,5,5,5,5,5,2883,306,17,0,0,0
2017-03-06,19:37:14,4,9,0.00,0.00,0.00,2,2,3,3,3,3,1368,139,16,1,0,0
2017-03-06,19:37:28,4,9,0.00,0.00,0.00,2,2,3,3,3,3,1026,136,14,1,0,0
2017-03-06,19:37:41,2,6,0.00,0.00,0.00,2,2,2,2,2,2,696,113,8,0,0,0
2017-03-06,19:37:54,1,3,0.00,0.00,0.00,1,1,1,1,2,2,315,86,10,1,1,0
2017-03-06,19:38:08,2,6,0.00,0.00,0.00,1,1,2,2,2,2,351,103,10,1,1,0
2017-03-06,19:38:21,0,0,0.00,0.00,0.00,0,0,0,0,0,0,309,88,9,0,0,0
2017-03-06,19:38:35,0,0,0.00,0.00,0.00,0,0,0,0,1,1,285,81,11,1,1,1
2017-03-06,19:38:48,4,9,0.00,0.00,0.00,2,2,3,3,3,3,537,154,16,2,0,0
2017-03-06,19:39:02,4,9,0.00,0.00,0.00,2,2,3,3,3,3,477,136,18,2,1,1
2017-03-06,19:39:16,2,6,0.00,0.00,0.00,1,1,2,2,3,3,372,110,14,2,1,1
2017-03-06,19:39:29,2,6,0.00,0.00,0.00,1,1,2,2,2,2,342,103,10,1,0,0
2017-03-06,19:39:42,2,6,0.00,0.00,0.00,1,1,2,2,2,2,336,101,6,0,0,0
2017-03-06,19:39:56,1,3,0.00,0.00,0.00,0,0,1,1,1,1,318,98,11,0,0,0
2017-03-06,19:40:10,1,3,0.00,0.00,0.00,0,0,1,1,1,1,387,119,15,0,0,0
2017-03-06,19:40:23,1,3,0.00,0.00,0.00,0,0,1,1,2,2,411,120,14,2,0,0
2017-03-06,19:40:37,2,6,0.00,0.00,0.00,2,2,2,2,3,3,411,119,16,3,1,1
2017-03-06,19:40:50,2,6,0.00,0.00,0.00,1,1,2,2,2,2,342,96,12,1,1,1
2017-03-06,19:41:04,2,6,0.00,0.00,0.00,1,1,2,2,2,2,327,99,17,0,0,0
2017-03-06,19:41:18,1,3,0.00,0.00,0.00,1,1,1,1,2,2,414,124,17,1,1,1
2017-03-06,19:41:31,1,3,0.00,0.00,0.00,1,1,1,1,2,2,408,111,16,1,1,1
2017-03-06,19:41:45,2,6,0.00,0.00,0.00,1,1,2,2,2,2,333,92,19,0,0,0
2017-03-06,19:41:58,1,3,0.00,0.00,0.00,0,0,1,1,3,3,342,105,22,5,2,2
2017-03-06,19:42:12,1,3,0.00,0.00,0.00,0,0,1,1,3,3,348,95,20,5,2,2
2017-03-06,19:42:25,1,3,0.00,0.00,0.00,0,0,1,1,1,1,336,92,21,1,0,0
2017-03-06,19:42:39,1,3,0.00,0.00,0.00,0,0,1,1,1,1,327,94,14,0,0,0
2017-03-06,19:42:52,2,6,0.00,0.00,0.00,2,2,2,2,3,3,471,129,14,1,1,1
2017-03-06,19:43:06,2,6,0.00,0.00,0.00,2,2,2,2,3,3,453,128,15,2,1,1
2017-03-06,19:43:20,4,9,0.00,0.00,0.00,3,3,3,3,4,4,1818,214,8,1,0,0
2017-03-06,19:43:34,4,9,0.00,0.00,0.00,2,2,3,3,3,3,1167,161,9,1,1,0
2017-03-06,19:43:47,1,3,0.00,0.00,0.00,1,1,1,1,2,2,312,85,12,2,2,0
2017-03-06,19:44:00,0,0,0.00,0.00,0.00,0,0,0,0,1,1,315,94,6,1,1,0
2017-03-06,19:44:14,1,3,0.00,0.00,0.00,1,1,1,1,1,1,336,103,3,0,0,0
2017-03-06,19:44:27,1,3,0.00,0.00,0.00,1,1,1,1,1,1,309,91,4,0,0,0
2017-03-06,19:44:40,2,6,0.00,0.00,0.00,1,1,2,2,3,3,321,97,10,2,1,1
2017-03-06,19:44:53,1,3,0.00,0.00,0.00,1,1,1,1,2,2,282,82,9,2,1,1
2017-03-06,19:45:06,1,3,0.00,0.00,0.00,0,0,1,1,1,1,249,66,7,0,0,0
2017-03-06,19:45:20,1,3,0.00,0.00,0.00,1,1,1,1,1,1,288,79,9,0,0,0
2017-03-06,19:45:33,2,6,0.00,0.00,0.00,1,1,2,2,2,2,357,96,16,0,0,0
2017-03-06,19:45:47,1,3,0.00,0.00,0.00,1,1,1,1,1,1,354,96,8,0,0,0
2017-03-06,19:46:00,1,3,0.00,0.00,0.00,1,1,1,1,1,1,294,82,9,1,0,0
2017-03-06,19:46:13,1,3,0.00,0.00,0.00,0,0,1,1,1,1,264,76,9,1,0,0
2017-03-06,19:46:26,2,6,0.00,0.00,0.00,1,1,2,2,2,2,294,91,15,0,0,0
2017-03-06,19:46:40,1,3,0.00,0.00,0.00,0,0,1,1,1,1,327,97,20,0,0,0
2017-03-06,19:46:54,1,3,0.00,0.00,0.00,0,0,1,1,1,1,357,103,15,1,0,0
2017-03-06,19:47:07,2,6,0.00,0.00,0.00,1,1,2,2,4,4,327,98,15,5,1,1
2017-03-06,19:47:20,1,3,0.00,0.00,0.00,0,0,1,1,2,2,327,97,15,5,1,1
2017-03-06,19:47:34,1,3,0.00,0.00,0.00,0,0,1,1,1,1,366,108,19,2,0,0
2017-03-06,19:47:48,0,0,0.00,0.00,0.00,0,0,0,0,1,1,315,95,13,1,0,0
2017-03-06,19:48:01,1,3,0.00,0.00,0.00,1,1,1,1,1,1,285,84,10,0,0,0
2017-03-06,19:48:14,1,3,0.00,0.00,0.00,1,1,1,1,1,1,339,85,14,0,0,0
2017-03-06,19:48:28,1,3,0.00,0.00,0.00,1,1,1,1,1,1,345,80,10,0,0,0
2017-03-06,19:48:41,1,3,0.00,0.00,0.00,1,1,1,1,1,1,339,97,6,0,0,0
2017-03-06,19:48:55,1,3,0.00,0.00,0.00,0,0,1,1,1,1,333,98,12,1,0,0
2017-03-06,19:49:08,1,3,0.00,0.00,0.00,0,0,1,1,1,1,348,95,17,2,0,0
2017-03-06,19:49:22,1,3,0.00,0.00,0.00,0,0,1,1,1,1,522,113,11,1,0,0
2017-03-06,19:49:36,20,45,0.00,0.00,0.00,12,12,14,14,15,15,4869,863,25,2,2,2
2017-03-06,19:49:49,2,6,0.00,0.00,0.00,1,1,2,2,3,3,411,120,23,2,1,1
2017-03-06,19:50:03,2,6,0.00,0.00,0.00,1,1,2,2,2,2,750,112,17,0,0,0
2017-03-06,19:50:17,1,3,0.00,0.00,0.00,1,1,1,1,1,1,1146,111,7,0,0,0
2017-03-06,19:50:30,2,6,0.00,0.00,0.00,1,1,2,2,2,2,1005,116,14,1,0,0
2017-03-06,19:50:44,2,6,0.00,0.00,0.00,1,1,2,2,2,2,672,107,16,2,0,0
2017-03-06,19:50:58,2,6,0.00,0.00,0.00,1,1,2,2,2,2,540,105,10,1,0,0
2017-03-06,19:51:11,1,3,0.00,0.00,0.00,1,1,1,1,1,1,348,70,4,0,0,0
2017-03-06,19:51:24,1,3,0.00,0.00,0.00,1,1,1,1,1,1,375,88,6,0,0,0
2017-03-06,19:51:37,1,3,0.00,0.00,0.00,1,1,1,1,1,1,402,110,7,0,0,0
2017-03-06,19:52:00,42,79,0.00,0.00,0.00,30,26,31,30,32,32,8370,1850,13,2,1,1
2017-03-06,19:52:15,7,16,0.00,0.00,0.00,3,3,5,5,6,6,2733,212,28,2,1,1
2017-03-06,19:52:29,10,22,0.00,0.00,0.00,7,7,7,7,7,7,7431,442,11,0,0,0
2017-03-06,19:52:43,15,35,0.00,0.00,0.00,10,10,11,11,11,11,11508,634,13,0,0,0
2017-03-06,19:52:57,11,25,0.00,0.00,0.00,7,7,8,8,8,8,9357,448,10,0,0,0
2017-03-06,19:53:11,5,12,0.00,0.00,0.00,4,4,4,4,5,5,5919,260,7,1,1,0
2017-03-06,19:53:25,4,9,0.00,0.00,0.00,3,3,3,3,4,4,4536,203,10,1,1,0
2017-03-06,19:53:39,2,6,0.00,0.00,0.00,2,2,2,2,2,2,2508,133,7,1,0,0
2017-03-06,19:53:53,0,0,0.00,0.00,0.00,0,0,0,0,0,0,1395,108,6,0,0,0
2017-03-06,19:54:06,0,0,0.00,0.00,0.00,0,0,0,0,0,0,687,99,10,0,0,0
2017-03-06,19:54:19,0,0,0.00,0.00,0.00,0,0,0,0,0,0,408,93,8,0,0,0
2017-03-06,19:54:33,1,3,0.00,0.00,0.00,0,0,1,1,1,1,1119,126,15,0,0,0
2017-03-06,19:54:47,4,9,0.00,0.00,0.00,2,2,3,3,3,3,1155,134,17,2,0,0
2017-03-06,19:55:01,2,6,0.00,0.00,0.00,1,1,2,2,2,2,471,99,10,2,0,0
2017-03-06,19:55:15,15,35,0.00,0.00,0.00,9,9,11,11,12,12,4950,599,27,2,1,1
2017-03-06,19:55:29,4,9,0.00,0.00,0.00,2,2,3,3,4,4,1167,135,24,2,0,0
2017-03-06,19:55:42,2,6,0.00,0.00,0.00,2,2,2,2,3,3,2046,147,10,1,0,0
2017-03-06,19:55:56,2,6,0.00,0.00,0.00,2,2,2,2,4,4,2337,149,7,4,1,1
2017-03-06,19:56:10,4,9,0.00,0.00,0.00,2,2,3,3,4,4,2076,143,15,4,1,1
2017-03-06,19:56:24,4,9,0.00,0.00,0.00,2,2,3,3,3,3,1689,152,20,1,0,0
2017-03-06,19:56:38,1,3,0.00,0.00,0.00,0,0,1,1,1,1,1140,120,16,1,0,0
2017-03-06,19:56:52,1,3,0.00,0.00,0.00,0,0,1,1,2,2,999,125,17,1,1,1
2017-03-06,19:57:05,2,6,0.00,0.00,0.00,1,1,2,2,2,2,969,136,12,1,0,0
2017-03-06,19:57:19,11,25,0.00,0.00,0.00,6,6,8,8,8,8,3450,394,32,1,0,0
2017-03-06,19:57:33,4,9,0.00,0.00,0.00,2,2,3,3,4,4,1926,155,21,1,0,0
2017-03-06,19:57:47,5,12,0.00,0.00,0.00,4,4,4,4,4,4,3597,235,4,0,0,0
2017-03-06,19:58:01,7,16,0.00,0.00,0.00,5,5,5,5,5,5,4125,291,7,1,0,0
2017-03-06,19:58:15,4,9,0.00,0.00,0.00,3,3,3,3,4,4,3243,205,10,1,0,0
2017-03-06,19:58:29,4,9,0.00,0.00,0.00,2,2,3,3,3,3,2328,168,13,1,0,0
2017-03-06,19:58:43,2,6,0.00,0.00,0.00,2,2,2,2,3,3,1791,136,13,1,0,0
2017-03-06,19:58:56,2,6,0.00,0.00,0.00,2,2,2,2,2,2,1521,134,13,0,0,0
2017-03-06,19:59:10,2,6,0.00,0.00,0.00,2,2,2,2,2,2,1194,123,13,0,0,0
2017-03-06,19:59:24,1,3,0.00,0.00,0.00,0,0,1,1,1,1,999,113,10,1,0,0
2017-03-06,19:59:38,4,9,0.00,0.00,0.00,2,2,3,3,3,3,1803,167,10,1,0,0
2017-03-06,19:59:52,4,9,0.00,0.00,0.00,2,2,3,3,3,3,1626,177,16,1,0,0
2017-03-06,20:00:06,2,6,0.00,0.00,0.00,0,0,2,2,3,3,351,107,21,1,0,0
2017-03-06,20:00:19,4,9,0.00,0.00,0.00,1,1,3,3,3,3,627,116,22,2,0,0
2017-03-06,20:00:33,2,6,0.00,0.00,0.00,1,1,2,2,3,3,1044,107,18,2,0,0
2017-03-06,20:00:47,1,3,0.00,0.00,0.00,1,1,1,1,2,2,873,88,9,2,1,0
2017-03-06,20:01:00,1,3,0.00,0.00,0.00,1,1,1,1,2,2,855,101,7,1,1,0
2017-03-06,20:01:13,1,3,0.00,0.00,0.00,1,1,1,1,1,1,741,104,5,0,0,0
2017-03-06,20:01:27,1,3,0.00,0.00,0.00,1,1,1,1,1,1,525,77,7,0,0,0
2017-03-06,20:01:40,2,6,0.00,0.00,0.00,1,1,2,2,3,3,564,103,16,1,1,1
2017-03-06,20:01:54,1,3,0.00,0.00,0.00,0,0,1,1,1,1,534,113,11,1,1,1
2017-03-06,20:02:07,8,19,0.00,0.00,0.00,4,4,6,6,8,8,3384,367,24,4,4,2
2017-03-06,20:02:21,5,12,0.00,0.00,0.00,2,2,4,4,4,4,453,127,24,1,0,0
2017-03-06,20:02:35,2,6,0.00,0.00,0.00,1,1,2,2,2,2,648,114,20,0,0,0
2017-03-06,20:02:49,2,6,0.00,0.00,0.00,1,1,2,2,2,2,723,103,20,0,0,0
2017-03-06,20:03:02,2,6,0.00,0.00,0.00,1,1,2,2,2,2,606,106,16,1,0,0
2017-03-06,20:03:16,2,6,0.00,0.00,0.00,1,1,2,2,2,2,549,101,12,1,0,0
2017-03-06,20:03:29,2,6,0.00,0.00,0.00,1,1,2,2,3,3,528,108,17,1,1,1
2017-03-06,20:03:43,2,6,0.00,0.00,0.00,2,2,2,2,2,2,573,130,10,1,0,0
2017-03-06,20:03:57,2,6,0.00,0.00,0.00,2,2,2,2,3,3,504,127,17,2,1,1
2017-03-06,20:04:10,1,3,0.00,0.00,0.00,0,0,1,1,2,2,402,114,17,1,1,1
2017-03-06,20:04:24,2,6,0.00,0.00,0.00,1,1,2,2,2,2,381,103,17,0,0,0
2017-03-06,20:04:38,55,97,0.00,0.00,0.00,44,32,45,39,45,45,12936,2723,20,0,0,0
2017-03-06,20:04:52,4,9,0.00,0.00,0.00,2,2,3,3,4,4,1104,158,14,1,0,0
2017-03-06,20:05:06,4,9,0.00,0.00,0.00,3,3,3,3,3,3,1506,183,10,1,0,0
2017-03-06,20:05:20,4,9,0.00,0.00,0.00,2,2,3,3,4,4,1704,190,12,2,2,2
2017-03-06,20:05:34,4,9,0.00,0.00,0.00,2,2,3,3,5,5,1626,170,13,3,2,2
2017-03-06,20:05:47,4,9,0.00,0.00,0.00,2,2,3,3,4,4,1494,175,8,2,1,0
2017-03-06,20:06:01,2,6,0.00,0.00,0.00,2,2,2,2,3,3,600,147,8,1,1,0
2017-03-06,20:06:14,1,3,0.00,0.00,0.00,1,1,1,1,1,1,357,90,5,0,0,0
2017-03-06,20:06:28,2,6,0.00,0.00,0.00,1,1,2,2,2,2,372,97,11,1,1,1
2017-03-06,20:06:41,2,6,0.00,0.00,0.00,2,2,2,2,3,3,399,110,12,2,2,1
2017-03-06,20:06:55,1,3,0.00,0.00,0.00,1,1,1,1,2,2,378,103,5,1,1,0
2017-03-06,20:07:08,1,3,0.00,0.00,0.00,1,1,1,1,1,1,405,97,4,0,0,0
2017-03-06,20:07:21,1,3,0.00,0.00,0.00,1,1,1,1,2,2,411,96,6,1,1,1
2017-03-06,20:07:35,2,6,0.00,0.00,0.00,1,1,2,2,4,4,372,93,16,4,3,3
2017-03-06,20:07:48,2,6,0.00,0.00,0.00,1,1,2,2,3,3,354,87,17,3,2,2
2017-03-06,20:08:02,2,6,0.00,0.00,0.00,1,1,2,2,2,2,411,103,17,0,0,0
2017-03-06,20:08:15,2,6,0.00,0.00,0.00,1,1,2,2,2,2,486,120,13,0,0,0
2017-03-06,20:08:29,1,3,0.00,0.00,0.00,1,1,1,1,1,1,402,93,7,0,0,0
2017-03-06,20:08:42,2,6,0.00,0.00,0.00,1,1,2,2,2,2,438,105,15,0,0,0
2017-03-06,20:08:56,2,6,0.00,0.00,0.00,1,1,2,2,2,2,468,109,21,0,0,0
2017-03-06,20:09:10,2,6,0.00,0.00,0.00,1,1,2,2,2,2,432,99,10,0,0,0
2017-03-06,20:09:23,1,3,0.00,0.00,0.00,1,1,1,1,1,1,426,99,9,0,0,0
2017-03-06,20:09:37,2,6,0.00,0.00,0.00,2,2,2,2,3,3,462,127,13,2,2,2
2017-03-06,20:09:51,2,6,0.00,0.00,0.00,2,2,2,2,4,4,513,145,16,2,2,2
2017-03-06,20:10:04,2,6,0.00,0.00,0.00,2,2,2,2,2,2,459,124,12,0,0,0
2017-03-06,20:10:18,2,6,0.00,0.00,0.00,1,1,2,2,2,2,447,115,17,0,0,0
2017-03-06,20:10:32,2,6,0.00,0.00,0.00,2,2,2,2,2,2,483,118,13,0,0,0
2017-03-06,20:10:45,1,3,0.00,0.00,0.00,1,1,1,1,1,1,399,100,7,0,0,0
2017-03-06,20:10:59,2,6,0.00,0.00,0.00,1,1,2,2,2,2,345,96,13,3,1,1
2017-03-06,20:11:12,2,6,0.00,0.00,0.00,1,1,2,2,2,2,600,112,11,2,1,1
2017-03-06,20:11:26,2,6,0.00,0.00,0.00,2,2,2,2,2,2,903,135,13,0,0,0
2017-03-06,20:11:40,8,19,0.00,0.00,0.00,3,3,6,6,6,6,2271,244,28,1,0,0
2017-03-06,20:11:53,4,9,0.00,0.00,0.00,1,1,3,3,3,3,450,121,16,0,0,0
2017-03-06,20:12:07,2,6,0.00,0.00,0.00,1,1,2,2,2,2,462,110,16,1,0,0
2017-03-06,20:12:21,1,3,0.00,0.00,0.00,1,1,1,1,1,1,414,91,9,0,0,0
2017-03-06,20:12:34,1,3,0.00,0.00,0.00,1,1,1,1,2,2,345,80,6,1,1,1
2017-03-06,20:12:47,0,0,0.00,0.00,0.00,0,0,0,0,1,1,309,78,8,1,1,1
2017-03-06,20:13:00,2,6,0.00,0.00,0.00,1,1,2,2,3,3,387,98,12,1,1,1
2017-03-06,20:13:14,1,3,0.00,0.00,0.00,0,0,1,1,1,1,417,105,10,1,0,0
2017-03-06,20:13:28,4,9,0.00,0.00,0.00,0,0,3,3,3,3,435,120,35,3,1,1
2017-03-06,20:13:41,1,3,0.00,0.00,0.00,0,0,1,1,1,1,378,95,16,1,0,0
2017-03-06,20:13:55,1,3,0.00,0.00,0.00,1,1,1,1,2,2,411,112,16,3,1,1
2017-03-06,20:14:09,1,3,0.00,0.00,0.00,1,1,1,1,2,2,435,118,17,2,1,1
2017-03-06,20:14:22,2,6,0.00,0.00,0.00,2,2,2,2,2,2,372,106,17,0,0,0
2017-03-06,20:14:36,1,3,0.00,0.00,0.00,0,0,1,1,1,1,369,100,16,1,0,0
2017-03-06,20:14:49,0,0,0.00,0.00,0.00,0,0,0,0,1,1,324,87,9,2,1,1
2017-03-06,20:15:03,0,0,0.00,0.00,0.00,0,0,0,0,1,1,312,87,5,1,1,1
2017-03-06,20:15:16,0,0,0.00,0.00,0.00,0,0,0,0,0,0,354,102,7,0,0,0
2017-03-06,20:15:29,1,3,0.00,0.00,0.00,1,1,1,1,1,1,375,113,15,1,0,0
2017-03-06,20:15:43,1,3,0.00,0.00,0.00,0,0,1,1,1,1,357,109,14,1,0,0
2017-03-06,20:15:57,1,3,0.00,0.00,0.00,1,1,1,1,1,1,408,124,16,0,0,0
2017-03-06,20:16:11,1,3,0.00,0.00,0.00,1,1,1,1,2,2,411,127,16,1,0,0
2017-03-06,20:16:24,1,3,0.00,0.00,0.00,0,0,1,1,2,2,405,118,13,2,0,0
2017-03-06,20:16:38,1,3,0.00,0.00,0.00,0,0,1,1,1,1,420,116,7,2,0,0
2017-03-06,20:16:51,1,3,0.00,0.00,0.00,0,0,1,1,2,2,393,113,7,2,0,0
2017-03-06,20:17:05,0,0,0.00,0.00,0.00,0,0,0,0,0,0,279,80,8,0,0,0
2017-03-06,20:17:18,1,3,0.00,0.00,0.00,0,0,1,1,2,2,351,101,15,2,2,2
2017-03-06,20:17:32,2,6,0.00,0.00,0.00,1,1,2,2,3,3,360,102,20,2,2,2
2017-03-06,20:17:45,1,3,0.00,0.00,0.00,1,1,1,1,2,2,348,85,14,1,0,0
2017-03-06,20:17:59,2,6,0.00,0.00,0.00,1,1,2,2,3,3,480,99,13,5,1,1
2017-03-06,20:18:12,1,3,0.00,0.00,0.00,0,0,1,1,3,3,498,108,20,4,1,1
2017-03-06,20:18:26,2,6,0.00,0.00,0.00,1,1,2,2,2,2,471,103,17,1,0,0
2017-03-06,20:18:39,0,0,0.00,0.00,0.00,0,0,0,0,0,0,378,83,8,1,0,0
2017-03-06,20:18:53,5,12,0.00,0.00,0.00,2,2,4,4,4,4,573,133,32,0,0,0
2017-03-06,20:19:07,2,6,0.00,0.00,0.00,1,1,2,2,2,2,654,106,22,0,0,0
2017-03-06,20:19:21,2,6,0.00,0.00,0.00,2,2,2,2,3,3,795,133,13,1,0,0
2017-03-06,20:19:34,2,6,0.00,0.00,0.00,2,2,2,2,3,3,873,135,8,2,0,0
2017-03-06,20:19:48,2,6,0.00,0.00,0.00,1,1,2,2,3,3,831,118,13,2,1,1
2017-03-06,20:20:01,2,6,0.00,0.00,0.00,1,1,2,2,3,3,747,109,15,1,1,1
2017-03-06,20:20:15,2,6,0.00,0.00,0.00,1,1,2,2,2,2,609,110,19,0,0,0
2017-03-06,20:20:29,1,3,0.00,0.00,0.00,0,0,1,1,1,1,465,120,16,1,0,0
2017-03-06,20:20:42,0,0,0.00,0.00,0.00,0,0,0,0,0,0,594,88,6,1,0,0
2017-03-06,20:20:56,1,3,0.00,0.00,0.00,0,0,1,1,1,1,828,106,10,0,0,0
2017-03-06,20:21:09,2,6,0.00,0.00,0.00,1,1,2,2,2,2,555,104,16,0,0,0
2017-03-06,20:21:23,1,3,0.00,0.00,0.00,1,1,1,1,1,1,507,108,12,0,0,0
2017-03-06,20:21:37,2,6,0.00,0.00,0.00,2,2,2,2,2,2,1338,160,9,0,0,0
2017-03-06,20:21:50,2,6,0.00,0.00,0.00,2,2,2,2,2,2,1248,141,5,1,0,0
2017-03-06,20:22:04,2,6,0.00,0.00,0.00,2,2,2,2,3,3,1062,146,8,2,1,0
2017-03-06,20:22:18,2,6,0.00,0.00,0.00,2,2,2,2,5,5,1008,125,14,4,4,1
2017-03-06,20:22:32,2,6,0.00,0.00,0.00,1,1,2,2,5,5,495,105,20,4,4,1
2017-03-06,20:22:45,2,6,0.00,0.00,0.00,1,1,2,2,2,2,585,115,18,1,1,0
2017-03-06,20:22:59,2,6,0.00,0.00,0.00,2,2,2,2,2,2,606,128,20,0,0,0
2017-03-06,20:23:13,2,6,0.00,0.00,0.00,1,1,2,2,2,2,519,117,14,0,0,0
2017-03-06,20:23:26,2,6,0.00,0.00,0.00,1,1,2,2,2,2,594,114,11,2,0,0
2017-03-06,20:23:40,1,3,0.00,0.00,0.00,1,1,1,1,2,2,498,88,5,2,0,0
2017-03-06,20:23:53,1,3,0.00,0.00,0.00,1,1,1,1,2,2,615,111,4,1,0,0
2017-03-06,20:24:07,4,9,0.00,0.00,0.00,2,2,3,3,3,3,831,150,19,1,0,0
2017-03-06,20:24:20,4,9,0.00,0.00,0.00,2,2,3,3,3,3,690,132,21,1,0,0
2017-03-06,20:24:34,2,6,0.00,0.00,0.00,2,2,2,2,2,2,636,126,13,0,0,0
2017-03-06,20:24:48,4,9,0.00,0.00,0.00,2,2,3,3,3,3,747,145,16,0,0,0
2017-03-06,20:25:02,2,6,0.00,0.00,0.00,2,2,2,2,3,3,645,120,13,1,1,0
2017-03-06,20:25:15,2,6,0.00,0.00,0.00,1,1,2,2,2,2,627,114,12,2,1,0
2017-03-06,20:25:29,4,9,0.00,0.00,0.00,2,2,3,3,3,3,636,140,18,1,0,0
2017-03-06,20:25:43,4,9,0.00,0.00,0.00,2,2,3,3,5,5,774,158,23,3,2,2
2017-03-06,20:25:56,4,9,0.00,0.00,0.00,2,2,3,3,4,4,675,127,17,3,2,2
2017-03-06,20:26:10,4,9,0.00,0.00,0.00,2,2,3,3,3,3,834,137,10,1,0,0
2017-03-06,20:26:23,2,6,0.00,0.00,0.00,2,2,2,2,2,2,873,134,11,2,0,0
2017-03-06,20:26:37,4,9,0.00,0.00,0.00,2,2,3,3,3,3,693,119,16,3,0,0
2017-03-06,20:26:51,2,6,0.00,0.00,0.00,1,1,2,2,3,3,639,121,13,3,1,0
2017-03-06,20:27:05,1,3,0.00,0.00,0.00,0,0,1,1,2,2,684,120,11,2,1,0
2017-03-06,20:27:18,1,3,0.00,0.00,0.00,1,1,1,1,1,1,528,115,10,1,0,0
2017-03-06,20:27:32,2,6,0.00,0.00,0.00,1,1,2,2,2,2,753,139,19,0,0,0
2017-03-06,20:27:46,4,9,0.00,0.00,0.00,2,2,3,3,3,3,1101,141,17,1,0,0
2017-03-06,20:28:00,22,52,0.00,0.00,0.00,14,14,16,16,17,17,6261,959,33,2,1,1
2017-03-06,20:28:14,22,52,0.00,0.00,0.00,14,14,16,16,16,16,6099,882,21,2,0,0
2017-03-06,20:28:28,2,6,0.00,0.00,0.00,2,2,2,2,2,2,1170,139,8,0,0,0
2017-03-06,20:28:42,4,9,0.00,0.00,0.00,2,2,3,3,3,3,1275,159,16,0,0,0
2017-03-06,20:28:56,2,6,0.00,0.00,0.00,2,2,2,2,2,2,1191,150,12,0,0,0
2017-03-06,20:29:09,5,12,0.00,0.00,0.00,3,3,4,4,4,4,999,158,30,0,0,0
2017-03-06,20:29:23,4,9,0.00,0.00,0.00,2,2,3,3,4,4,813,141,34,1,0,0
2017-03-06,20:29:37,2,6,0.00,0.00,0.00,1,1,2,2,2,2,726,114,9,1,0,0
2017-03-06,20:29:50,2,6,0.00,0.00,0.00,1,1,2,2,2,2,711,110,4,0,0,0
2017-03-06,20:30:04,2,6,0.00,0.00,0.00,2,2,2,2,2,2,732,129,13,0,0,0
2017-03-06,20:30:18,4,9,0.00,0.00,0.00,2,2,3,3,3,3,786,148,14,0,0,0
2017-03-06,20:30:31,2,6,0.00,0.00,0.00,2,2,2,2,3,3,792,132,11,1,0,0
2017-03-06,20:30:45,2,6,0.00,0.00,0.00,1,1,2,2,2,2,711,121,7,1,0,0
2017-03-06,20:30:58,2,6,0.00,0.00,0.00,2,2,2,2,2,2,642,124,11,0,0,0
2017-03-06,20:31:12,2,6,0.00,0.00,0.00,2,2,2,2,2,2,738,135,14,0,0,0
2017-03-06,20:31:26,2,6,0.00,0.00,0.00,2,2,2,2,2,2,711,132,5,0,0,0
2017-03-06,20:31:39,2,6,0.00,0.00,0.00,2,2,2,2,3,3,732,131,8,1,1,1
2017-03-06,20:31:52,2,6,0.00,0.00,0.00,1,1,2,2,3,3,678,121,10,1,1,1
2017-03-06,20:32:06,2,6,0.00,0.00,0.00,1,1,2,2,3,3,621,109,19,1,1,1
2017-03-06,20:32:20,2,6,0.00,0.00,0.00,1,1,2,2,3,3,519,111,19,1,1,1
2017-03-06,20:32:33,2,6,0.00,0.00,0.00,2,2,2,2,3,3,552,123,11,1,0,0
2017-03-06,20:32:47,1,3,0.00,0.00,0.00,1,1,1,1,1,1,507,119,7,2,0,0
2017-03-06,20:33:01,5,12,0.00,0.00,0.00,2,2,4,4,4,4,801,150,31,0,0,0
2017-03-06,20:33:15,2,6,0.00,0.00,0.00,1,1,2,2,2,2,921,148,24,0,0,0
2017-03-06,20:33:28,25,56,0.00,0.00,0.00,17,17,18,18,18,18,4974,1150,17,1,0,0
2017-03-06,20:33:43,57,99,0.00,0.00,0.00,45,32,47,40,47,46,11820,2682,27,0,0,0
2017-03-06,20:33:57,2,6,0.00,0.00,0.00,1,1,2,2,2,2,528,135,17,0,0,0
2017-03-06,20:34:11,1,3,0.00,0.00,0.00,0,0,1,1,1,1,480,120,9,1,1,0
2017-03-06,20:34:24,1,3,0.00,0.00,0.00,1,1,1,1,2,2,486,119,18,1,1,0
2017-03-06,20:34:38,1,3,0.00,0.00,0.00,0,0,1,1,1,1,483,112,14,0,0,0
2017-03-06,20:34:52,0,0,0.00,0.00,0.00,0,0,0,0,1,1,408,100,5,1,1,1
2017-03-06,20:35:05,0,0,0.00,0.00,0.00,0,0,0,0,1,1,345,91,10,1,1,1
2017-03-06,20:35:19,1,3,0.00,0.00,0.00,1,1,1,1,1,1,393,105,12,0,0,0
2017-03-06,20:35:32,1,3,0.00,0.00,0.00,0,0,1,1,1,1,438,119,11,0,0,0
2017-03-06,20:35:46,1,3,0.00,0.00,0.00,0,0,1,1,1,1,438,121,17,0,0,0
2017-03-06,20:36:00,1,3,0.00,0.00,0.00,1,1,1,1,1,1,396,114,13,0,0,0
2017-03-06,20:36:13,1,3,0.00,0.00,0.00,0,0,1,1,1,1,417,110,4,0,0,0
2017-03-06,20:36:26,1,3,0.00,0.00,0.00,1,1,1,1,1,1,351,91,8,0,0,0
2017-03-06,20:36:40,1,3,0.00,0.00,0.00,0,0,1,1,2,2,348,104,18,4,1,0
2017-03-06,20:36:54,1,3,0.00,0.00,0.00,0,0,1,1,2,2,360,101,19,4,1,0
2017-03-06,20:37:07,1,3,0.00,0.00,0.00,0,0,1,1,1,1,405,116,16,1,0,0
2017-03-06,20:37:21,1,3,0.00,0.00,0.00,0,0,1,1,1,1,399,121,16,1,0,0
2017-03-06,20:37:35,1,3,0.00,0.00,0.00,0,0,1,1,1,1,414,119,15,1,0,0
2017-03-06,20:37:48,4,9,0.00,0.00,0.00,2,2,3,3,3,3,1086,196,19,2,0,0
2017-03-06,20:38:02,10,22,0.00,0.00,0.00,6,6,7,7,7,7,2361,387,16,1,1,0
2017-03-06,20:38:16,5,12,0.00,0.00,0.00,1,1,4,4,4,4,504,131,38,0,0,0
2017-03-06,20:38:30,4,9,0.00,0.00,0.00,2,2,3,3,4,4,723,128,22,2,1,0
2017-03-06,20:38:44,2,6,0.00,0.00,0.00,1,1,2,2,3,3,738,115,11,3,2,1
2017-03-06,20:38:57,2,6,0.00,0.00,0.00,1,1,2,2,3,3,564,109,9,2,1,1
2017-03-06,20:39:11,2,6,0.00,0.00,0.00,1,1,2,2,2,2,516,120,9,1,0,0
2017-03-06,20:39:24,1,3,0.00,0.00,0.00,1,1,1,1,1,1,537,107,4,0,0,0
2017-03-06,20:39:37,2,6,0.00,0.00,0.00,1,1,2,2,2,2,507,109,11,0,0,0
2017-03-06,20:39:51,4,9,0.00,0.00,0.00,3,3,3,3,3,3,972,174,27,1,0,0
2017-03-06,20:40:05,4,9,0.00,0.00,0.00,2,2,3,3,3,3,981,176,24,1,0,0
2017-03-06,20:40:19,5,12,0.00,0.00,0.00,1,1,4,4,4,4,564,169,41,1,0,0
2017-03-06,20:40:33,4,9,0.00,0.00,0.00,2,2,3,3,3,3,456,132,22,0,0,0
2017-03-06,20:40:46,1,3,0.00,0.00,0.00,1,1,1,1,1,1,465,136,14,0,0,0
2017-03-06,20:41:00,2,6,0.00,0.00,0.00,2,2,2,2,2,2,483,135,11,0,0,0
2017-03-06,20:41:14,2,6,0.00,0.00,0.00,2,2,2,2,2,2,654,129,13,1,0,0
2017-03-06,20:41:27,2,6,0.00,0.00,0.00,2,2,2,2,3,3,786,132,14,3,0,0
2017-03-06,20:41:41,4,9,0.00,0.00,0.00,2,2,3,3,3,3,765,140,12,3,0,0
2017-03-06,20:41:55,4,9,0.00,0.00,0.00,2,2,3,3,4,4,723,144,15,3,1,1
2017-03-06,20:42:08,2,6,0.00,0.00,0.00,1,1,2,2,3,3,576,136,18,2,1,1
2017-03-06,20:42:22,4,9,0.00,0.00,0.00,2,2,3,3,3,3,546,144,15,0,0,0
2017-03-06,20:42:36,11,25,0.00,0.00,0.00,7,7,8,8,8,8,2712,437,20,0,0,0
2017-03-06,20:42:50,5,12,0.00,0.00,0.00,2,2,4,4,4,4,456,132,32,2,0,0
2017-03-06,20:43:03,4,9,0.00,0.00,0.00,2,2,3,3,3,3,462,120,25,1,0,0
2017-03-06,20:43:17,2,6,0.00,0.00,0.00,2,2,2,2,3,3,621,126,14,2,0,0
2017-03-06,20:43:31,4,9,0.00,0.00,0.00,2,2,3,3,3,3,666,147,13,0,0,0
2017-03-06,20:43:44,4,9,0.00,0.00,0.00,2,2,3,3,3,3,540,145,17,1,0,0
2017-03-06,20:43:58,4,9,0.00,0.00,0.00,2,2,3,3,3,3,504,131,13,0,0,0
2017-03-06,20:44:12,2,6,0.00,0.00,0.00,0,0,2,2,2,2,516,121,19,0,0,0
2017-03-06,20:44:25,1,3,0.00,0.00,0.00,0,0,1,1,1,1,417,110,13,0,0,0
2017-03-06,20:44:39,2,6,0.00,0.00,0.00,1,1,2,2,2,2,432,127,15,0,0,0
2017-03-06,20:44:53,2,6,0.00,0.00,0.00,1,1,2,2,2,2,429,119,14,0,0,0
2017-03-06,20:45:07,2,6,0.00,0.00,0.00,2,2,2,2,2,2,771,121,12,0,0,0
2017-03-06,20:45:20,2,6,0.00,0.00,0.00,2,2,2,2,2,2,1266,125,15,2,0,0
2017-03-06,20:45:34,2,6,0.00,0.00,0.00,2,2,2,2,2,2,1104,121,12,1,0,0
2017-03-06,20:45:48,2,6,0.00,0.00,0.00,2,2,2,2,2,2,852,134,16,0,0,0
2017-03-06,20:46:02,2,6,0.00,0.00,0.00,2,2,2,2,2,2,675,133,13,0,0,0
2017-03-06,20:46:15,2,6,0.00,0.00,0.00,2,2,2,2,2,2,579,116,5,0,0,0
2017-03-06,20:46:29,2,6,0.00,0.00,0.00,2,2,2,2,2,2,729,136,10,0,0,0
2017-03-06,20:46:43,2,6,0.00,0.00,0.00,1,1,2,2,2,2,681,158,18,0,0,0
2017-03-06,20:46:56,17,38,0.00,0.00,0.00,11,11,12,12,12,12,4479,746,21,1,0,0
2017-03-06,20:47:10,4,9,0.00,0.00,0.00,1,1,3,3,3,3,480,150,27,0,0,0
2017-03-06,20:47:24,4,9,0.00,0.00,0.00,2,2,3,3,3,3,795,146,19,0,0,0
2017-03-06,20:47:38,4,9,0.00,0.00,0.00,2,2,3,3,4,4,1272,154,24,4,1,0
2017-03-06,20:47:52,4,9,0.00,0.00,0.00,2,2,3,3,4,4,1131,140,28,4,1,0
2017-03-06,20:48:06,2,6,0.00,0.00,0.00,2,2,2,2,3,3,939,138,19,1,1,1
2017-03-06,20:48:19,2,6,0.00,0.00,0.00,2,2,2,2,2,2,702,122,11,1,0,0
2017-03-06,20:48:33,2,6,0.00,0.00,0.00,2,2,2,2,2,2,636,133,9,1,0,0
2017-03-06,20:48:47,4,9,0.00,0.00,0.00,2,2,3,3,3,3,624,135,21,0,0,0
2017-03-06,20:49:00,2,6,0.00,0.00,0.00,1,1,2,2,2,2,543,130,24,1,0,0
2017-03-06,20:49:14,2,6,0.00,0.00,0.00,1,1,2,2,2,2,528,139,16,2,0,0
2017-03-06,20:49:28,2,6,0.00,0.00,0.00,2,2,2,2,3,3,453,121,14,3,0,0
2017-03-06,20:49:41,2,6,0.00,0.00,0.00,2,2,2,2,3,3,543,131,16,2,0,0
2017-03-06,20:49:55,4,9,0.00,0.00,0.00,2,2,3,3,3,3,765,141,15,1,0,0
2017-03-06,20:50:09,62,108,0.00,0.00,0.00,56,37,57,44,57,52,15333,3418,19,2,0,0
2017-03-06,20:50:23,8,19,0.00,0.00,0.00,3,3,6,6,6,6,1791,205,30,4,0,0
2017-03-06,20:50:37,8,19,0.00,0.00,0.00,5,5,6,6,6,6,4860,322,26,0,0,0
2017-03-06,20:50:51,10,22,0.00,0.00,0.00,5,5,7,7,7,7,6423,359,27,0,0,0
2017-03-06,20:51:05,7,16,0.00,0.00,0.00,5,5,5,5,5,5,5256,291,11,0,0,0
2017-03-06,20:51:19,4,9,0.00,0.00,0.00,2,2,3,3,3,3,2457,179,7,0,0,0
2017-03-06,20:51:33,4,9,0.00,0.00,0.00,2,2,3,3,3,3,1488,160,17,1,0,0
2017-03-06,20:51:47,4,9,0.00,0.00,0.00,2,2,3,3,3,3,1242,150,20,1,1,1
2017-03-06,20:52:01,2,6,0.00,0.00,0.00,1,1,2,2,2,2,1035,116,15,0,0,0
2017-03-06,20:52:15,2,6,0.00,0.00,0.00,2,2,2,2,2,2,846,126,24,0,0,0
2017-03-06,20:52:29,2,6,0.00,0.00,0.00,2,2,2,2,2,2,798,140,19,0,0,0
2017-03-06,20:52:42,2,6,0.00,0.00,0.00,2,2,2,2,2,2,765,137,7,0,0,0
2017-03-06,20:52:56,2,6,0.00,0.00,0.00,2,2,2,2,2,2,714,136,6,0,0,0
2017-03-06,20:53:09,2,6,0.00,0.00,0.00,2,2,2,2,2,2,678,134,4,0,0,0
2017-03-06,20:53:23,1,3,0.00,0.00,0.00,1,1,1,1,1,1,588,106,5,0,0,0
2017-03-06,20:53:36,2,6,0.00,0.00,0.00,2,2,2,2,2,2,717,130,11,0,0,0
2017-03-06,20:53:50,2,6,0.00,0.00,0.00,2,2,2,2,3,3,714,144,12,1,0,0
2017-03-06,20:54:03,2,6,0.00,0.00,0.00,2,2,2,2,2,2,507,120,9,1,0,0
2017-03-06,20:54:17,2,6,0.00,0.00,0.00,2,2,2,2,2,2,588,141,16,0,0,0
2017-03-06,20:54:31,4,9,0.00,0.00,0.00,2,2,3,3,3,3,657,133,17,2,0,0
2017-03-06,20:54:44,2,6,0.00,0.00,0.00,1,1,2,2,2,2,588,108,14,1,0,0
2017-03-06,20:54:58,2,6,0.00,0.00,0.00,1,1,2,2,2,2,588,117,13,0,0,0
2017-03-06,20:55:12,1,3,0.00,0.00,0.00,1,1,1,1,1,1,561,128,10,1,1,1
2017-03-06,20:55:25,2,6,0.00,0.00,0.00,1,1,2,2,3,3,468,122,10,1,1,1
2017-03-06,20:55:39,7,16,0.00,0.00,0.00,4,4,5,5,5,5,1746,332,11,1,0,0
2017-03-06,20:55:53,5,12,0.00,0.00,0.00,2,2,4,4,5,5,543,154,25,1,1,0
2017-03-06,20:56:06,5,12,0.00,0.00,0.00,3,3,4,4,4,4,888,167,15,0,0,0
2017-03-06,20:56:20,4,9,0.00,0.00,0.00,3,3,3,3,3,3,1329,177,13,0,0,0
2017-03-06,20:56:34,4,9,0.00,0.00,0.00,2,2,3,3,3,3,1098,153,15,1,0,0
2017-03-06,20:56:48,4,9,0.00,0.00,0.00,3,3,3,3,3,3,903,167,10,1,0,0
2017-03-06,20:57:01,4,9,0.00,0.00,0.00,3,3,3,3,3,3,717,160,16,1,0,0
2017-03-06,20:57:15,2,6,0.00,0.00,0.00,1,1,2,2,2,2,549,135,22,2,0,0
2017-03-06,20:57:29,2,6,0.00,0.00,0.00,1,1,2,2,2,2,498,138,23,2,0,0
2017-03-06,20:57:43,4,9,0.00,0.00,0.00,2,2,3,3,3,3,1155,190,21,1,0,0
2017-03-06,20:57:57,12,29,0.00,0.00,0.00,7,7,9,9,9,9,2139,503,37,1,0,0
2017-03-06,20:58:11,4,9,0.00,0.00,0.00,1,1,3,3,3,3,561,159,29,1,0,0
2017-03-06,20:58:24,2,6,0.00,0.00,0.00,2,2,2,2,3,3,645,164,14,1,1,1
2017-03-06,20:58:38,2,6,0.00,0.00,0.00,1,1,2,2,3,3,621,165,19,1,1,1
2017-03-06,20:58:52,4,9,0.00,0.00,0.00,1,1,3,3,3,3,561,167,29,0,0,0
2017-03-06,20:59:05,2,6,0.00,0.00,0.00,1,1,2,2,3,3,486,143,21,1,1,1
2017-03-06,20:59:19,1,3,0.00,0.00,0.00,1,1,1,1,2,2,447,122,9,1,1,1
2017-03-06,20:59:32,1,3,0.00,0.00,0.00,1,1,1,1,1,1,465,129,9,0,0,0
2017-03-06,20:59:46,2,6,0.00,0.00,0.00,2,2,2,2,2,2,561,161,17,0,0,0
2017-03-06,21:00:00,4,9,0.00,0.00,0.00,2,2,3,3,3,3,537,153,17,0,0,0
2017-03-06,21:00:13,1,3,0.00,0.00,0.00,1,1,1,1,1,1,492,134,8,0,0,0
2017-03-06,21:00:27,7,16,0.00,0.00,0.00,2,2,5,5,5,5,588,167,35,1,0,0
2017-03-06,21:00:41,5,12,0.00,0.00,0.00,2,2,4,4,4,4,618,156,28,1,0,0
2017-03-06,21:00:55,4,9,0.00,0.00,0.00,2,2,3,3,3,3,717,144,13,2,0,0
2017-03-06,21:01:08,1,3,0.00,0.00,0.00,1,1,1,1,2,2,681,142,17,1,0,0
2017-03-06,21:01:22,4,9,0.00,0.00,0.00,2,2,3,3,3,3,543,141,21,0,0,0
2017-03-06,21:01:36,2,6,0.00,0.00,0.00,2,2,2,2,2,2,417,118,10,0,0,0
2017-03-06,21:01:49,1,3,0.00,0.00,0.00,1,1,1,1,1,1,456,126,8,0,0,0
2017-03-06,21:02:03,1,3,0.00,0.00,0.00,1,1,1,1,1,1,471,122,9,0,0,0
2017-03-06,21:02:17,1,3,0.00,0.00,0.00,1,1,1,1,2,2,498,131,9,3,1,1
2017-03-06,21:02:30,1,3,0.00,0.00,0.00,1,1,1,1,3,3,474,128,18,3,1,1
2017-03-06,21:02:44,41,77,0.00,0.00,0.00,28,24,29,29,29,29,7950,1787,19,0,0,0
2017-03-06,21:02:58,7,16,0.00,0.00,0.00,3,3,5,5,6,6,1212,198,31,2,1,0
2017-03-06,21:03:12,7,16,0.00,0.00,0.00,4,4,5,5,6,6,3630,275,24,2,1,0
2017-03-06,21:03:26,10,22,0.00,0.00,0.00,6,6,7,7,7,7,6975,406,16,0,0,0
2017-03-06,21:03:40,8,19,0.00,0.00,0.00,5,5,6,6,6,6,5763,343,16,0,0,0
2017-03-06,21:03:54,7,16,0.00,0.00,0.00,4,4,5,5,5,5,3264,248,16,1,0,0
2017-03-06,21:04:08,5,12,0.00,0.00,0.00,3,3,4,4,4,4,2043,184,16,1,0,0
2017-03-06,21:04:22,4,9,0.00,0.00,0.00,3,3,3,3,4,4,1977,180,12,1,0,0
2017-03-06,21:04:36,5,12,0.00,0.00,0.00,3,3,4,4,4,4,1791,169,14,2,0,0
2017-03-06,21:04:50,5,12,0.00,0.00,0.00,3,3,4,4,4,4,1377,165,17,1,0,0
2017-03-06,21:05:04,5,12,0.00,0.00,0.00,3,3,4,4,4,4,1206,188,19,1,1,1
2017-03-06,21:05:18,2,6,0.00,0.00,0.00,1,1,2,2,3,3,912,159,14,1,1,1
2017-03-06,21:05:31,1,3,0.00,0.00,0.00,0,0,1,1,2,2,492,116,15,4,1,0
2017-03-06,21:05:45,1,3,0.00,0.00,0.00,0,0,1,1,2,2,453,120,8,4,1,0
2017-03-06,21:05:59,4,9,0.00,0.00,0.00,2,2,3,3,3,3,477,139,15,1,0,0
2017-03-06,21:06:12,4,9,0.00,0.00,0.00,2,2,3,3,3,3,699,130,23,1,0,0
2017-03-06,21:06:26,24,54,0.00,0.00,0.00,16,16,17,17,17,17,4965,1049,23,0,0,0
2017-03-06,21:06:50,10,22,0.00,0.00,0.00,5,5,7,7,7,7,4539,333,22,0,0,0
2017-03-06,21:07:04,12,29,0.00,0.00,0.00,8,8,9,9,9,9,8001,533,14,0,0,0
2017-03-06,21:07:18,12,29,0.00,0.00,0.00,8,8,9,9,9,9,7440,519,15,0,0,0
2017-03-06,21:07:32,7,16,0.00,0.00,0.00,5,5,5,5,5,5,4350,295,8,0,0,0
2017-03-06,21:07:46,7,16,0.00,0.00,0.00,5,5,5,5,5,5,3918,311,11,0,0,0
2017-03-06,21:08:00,7,16,0.00,0.00,0.00,5,5,5,5,5,5,3651,302,17,0,0,0
2017-03-06,21:08:14,10,22,0.00,0.00,0.00,6,6,7,7,7,7,3864,363,19,0,0,0
2017-03-06,21:08:28,8,19,0.00,0.00,0.00,6,6,6,6,7,7,3870,369,16,1,1,0
2017-03-06,21:08:42,7,16,0.00,0.00,0.00,5,5,5,5,6,6,3240,303,17,1,1,0
2017-03-06,21:08:56,12,29,0.00,0.00,0.00,8,8,9,9,9,9,4443,476,17,0,0,0
2017-03-06,21:09:10,12,29,0.00,0.00,0.00,8,8,9,9,9,9,4464,486,19,1,0,0
2017-03-06,21:09:24,10,22,0.00,0.00,0.00,6,6,7,7,7,7,4269,434,20,1,0,0
2017-03-06,21:09:38,5,12,0.00,0.00,0.00,3,3,4,4,4,4,2244,278,17,0,0,0
2017-03-06,21:09:52,5,12,0.00,0.00,0.00,1,1,4,4,4,4,567,170,37,1,1,0
2017-03-06,21:10:06,4,9,0.00,0.00,0.00,1,1,3,3,3,3,561,172,32,0,0,0
2017-03-06,21:10:20,4,9,0.00,0.00,0.00,2,2,3,3,3,3,891,167,22,0,0,0
2017-03-06,21:10:34,4,9,0.00,0.00,0.00,2,2,3,3,3,3,1182,155,16,0,0,0
2017-03-06,21:10:47,4,9,0.00,0.00,0.00,2,2,3,3,3,3,828,146,16,0,0,0
2017-03-06,21:11:01,4,9,0.00,0.00,0.00,3,3,3,3,3,3,663,166,21,0,0,0
2017-03-06,21:11:15,4,9,0.00,0.00,0.00,3,3,3,3,3,3,627,161,19,0,0,0
2017-03-06,21:11:28,4,9,0.00,0.00,0.00,2,2,3,3,3,3,561,154,18,0,0,0
2017-03-06,21:11:42,4,9,0.00,0.00,0.00,2,2,3,3,3,3,594,182,20,2,1,0
2017-03-06,21:11:56,2,6,0.00,0.00,0.00,2,2,2,2,4,4,552,168,19,3,2,0
2017-03-06,21:12:10,4,9,0.00,0.00,0.00,2,2,3,3,3,3,528,150,16,0,0,0
2017-03-06,21:12:23,1,3,0.00,0.00,0.00,0,0,1,1,2,2,441,121,13,1,1,1
2017-03-06,21:12:37,1,3,0.00,0.00,0.00,0,0,1,1,1,1,453,112,14,1,0,0
2017-03-06,21:12:51,41,77,0.00,0.00,0.00,28,24,30,29,30,30,7200,1783,21,1,0,0
2017-03-06,21:13:05,62,108,0.00,0.00,0.00,55,36,56,44,56,52,13380,3138,20,0,0,0
2017-03-06,21:13:19,7,16,0.00,0.00,0.00,3,3,5,5,5,5,1566,216,34,0,0,0
2017-03-06,21:13:33,12,29,0.00,0.00,0.00,8,8,9,9,9,9,4539,479,20,0,0,0
2017-03-06,21:13:47,17,38,0.00,0.00,0.00,11,11,12,12,13,13,7230,713,15,1,1,0
2017-03-06,21:14:01,12,29,0.00,0.00,0.00,8,8,9,9,10,10,6255,507,19,2,1,0
2017-03-06,21:14:15,8,19,0.00,0.00,0.00,5,5,6,6,6,6,4878,335,13,2,0,0
2017-03-06,21:14:29,7,16,0.00,0.00,0.00,4,4,5,5,6,6,4116,287,18,2,0,0
2017-03-06,21:14:43,5,12,0.00,0.00,0.00,3,3,4,4,4,4,3054,212,17,1,0,0
2017-03-06,21:14:57,7,16,0.00,0.00,0.00,4,4,5,5,6,6,3483,282,14,4,0,0
2017-03-06,21:15:11,8,19,0.00,0.00,0.00,5,5,6,6,6,6,3915,310,6,3,0,0
2017-03-06,21:15:25,7,16,0.00,0.00,0.00,5,5,5,5,5,5,3681,295,8,0,0,0
2017-03-06,21:15:39,10,22,0.00,0.00,0.00,6,6,7,7,7,7,4647,408,22,1,0,0
2017-03-06,21:15:53,11,25,0.00,0.00,0.00,7,7,8,8,8,8,4779,469,24,0,0,0
2017-03-06,21:16:07,12,29,0.00,0.00,0.00,8,8,9,9,9,9,4998,519,17,0,0,0
2017-03-06,21:16:21,11,25,0.00,0.00,0.00,8,8,8,8,8,8,4659,517,12,0,0,0
2017-03-06,21:16:35,12,29,0.00,0.00,0.00,8,8,9,9,9,9,4458,514,14,1,0,0
2017-03-06,21:16:49,14,32,0.00,0.00,0.00,8,8,10,10,11,11,4803,506,34,7,0,0
2017-03-06,21:17:03,12,29,0.00,0.00,0.00,6,6,9,9,9,9,3030,413,37,1,0,0
2017-03-06,21:17:17,5,12,0.00,0.00,0.00,2,2,4,4,4,4,546,145,25,1,0,0
2017-03-06,21:17:31,2,6,0.00,0.00,0.00,1,1,2,2,2,2,555,147,15,1,0,0
2017-03-06,21:17:44,4,9,0.00,0.00,0.00,2,2,3,3,3,3,516,137,19,0,0,0
2017-03-06,21:17:58,2,6,0.00,0.00,0.00,2,2,2,2,3,3,501,128,19,2,1,1
2017-03-06,21:18:12,4,9,0.00,0.00,0.00,2,2,3,3,3,3,504,121,12,2,0,0
2017-03-06,21:18:25,4,9,0.00,0.00,0.00,2,2,3,3,3,3,564,157,16,1,0,0
2017-03-06,21:18:39,4,9,0.00,0.00,0.00,2,2,3,3,3,3,510,144,18,0,0,0
2017-03-06,21:18:53,4,9,0.00,0.00,0.00,3,3,3,3,4,4,540,158,26,3,2,0
2017-03-06,21:19:06,4,9,0.00,0.00,0.00,2,2,3,3,4,4,567,158,33,4,3,0
2017-03-06,21:19:20,2,6,0.00,0.00,0.00,1,1,2,2,2,2,495,138,24,1,1,0
2017-03-06,21:19:34,2,6,0.00,0.00,0.00,1,1,2,2,2,2,492,148,23,0,0,0
2017-03-06,21:19:48,4,9,0.00,0.00,0.00,2,2,3,3,3,3,522,156,26,1,0,0
2017-03-06,21:20:01,4,9,0.00,0.00,0.00,2,2,3,3,3,3,510,142,18,1,0,0
2017-03-06,21:20:15,2,6,0.00,0.00,0.00,1,1,2,2,2,2,504,142,9,0,0,0
2017-03-06,21:20:28,2,6,0.00,0.00,0.00,1,1,2,2,2,2,486,144,24,0,0,0
2017-03-06,21:20:42,4,9,0.00,0.00,0.00,2,2,3,3,3,3,492,139,21,1,0,0
2017-03-06,21:20:56,4,9,0.00,0.00,0.00,2,2,3,3,3,3,594,182,14,2,1,1
2017-03-06,21:21:10,4,9,0.00,0.00,0.00,3,3,3,3,4,4,573,175,13,1,1,1
2017-03-06,21:21:23,4,9,0.00,0.00,0.00,2,2,3,3,3,3,486,132,22,0,0,0
2017-03-06,21:21:37,4,9,0.00,0.00,0.00,2,2,3,3,3,3,540,147,22,0,0,0
2017-03-06,21:21:51,4,9,0.00,0.00,0.00,3,3,3,3,3,3,579,167,18,0,0,0
2017-03-06,21:22:04,2,6,0.00,0.00,0.00,1,1,2,2,2,2,624,166,23,1,0,0
2017-03-06,21:22:18,5,12,0.00,0.00,0.00,3,3,4,4,5,5,942,194,25,4,0,0
2017-03-06,21:22:32,4,9,0.00,0.00,0.00,3,3,3,3,4,4,1320,193,18,3,0,0
2017-03-06,21:22:46,4,9,0.00,0.00,0.00,2,2,3,3,4,4,1653,207,18,2,1,0
2017-03-06,21:23:00,5,12,0.00,0.00,0.00,2,2,4,4,4,4,525,145,28,0,0,0
2017-03-06,21:23:14,5,12,0.00,0.00,0.00,2,2,4,4,5,5,621,177,31,2,1,0
2017-03-06,21:23:27,4,9,0.00,0.00,0.00,2,2,3,3,4,4,642,178,27,2,1,0
2017-03-06,21:23:41,4,9,0.00,0.00,0.00,2,2,3,3,5,5,678,199,26,4,2,1
2017-03-06,21:23:55,2,6,0.00,0.00,0.00,2,2,2,2,4,4,576,175,23,3,2,1
2017-03-06,21:24:09,4,9,0.00,0.00,0.00,2,2,3,3,3,3,489,143,17,0,0,0
2017-03-06,21:24:22,4,9,0.00,0.00,0.00,2,2,3,3,3,3,468,134,18,0,0,0
2017-03-06,21:24:36,4,9,0.00,0.00,0.00,2,2,3,3,4,4,570,139,20,5,1,1
2017-03-06,21:24:50,50,89,0.00,0.00,0.00,36,28,38,35,38,38,9318,2199,24,0,0,0
2017-03-06,21:25:04,8,19,0.00,0.00,0.00,3,3,6,6,6,6,1080,211,36,2,0,0
2017-03-06,21:25:18,5,12,0.00,0.00,0.00,3,3,4,4,4,4,1803,193,23,1,0,0
2017-03-06,21:25:32,5,12,0.00,0.00,0.00,3,3,4,4,4,4,1869,187,18,2,0,0
2017-03-06,21:25:46,4,9,0.00,0.00,0.00,2,2,3,3,3,3,1134,163,15,1,0,0
2017-03-06,21:26:00,5,12,0.00,0.00,0.00,3,3,4,4,5,5,1005,200,19,2,1,0
2017-03-06,21:26:13,5,12,0.00,0.00,0.00,3,3,4,4,5,5,894,195,20,2,1,0
2017-03-06,21:26:27,2,6,0.00,0.00,0.00,1,1,2,2,2,2,594,145,17,3,0,0
2017-03-06,21:26:41,5,12,0.00,0.00,0.00,2,2,4,4,5,5,561,162,26,5,0,0
2017-03-06,21:26:55,5,12,0.00,0.00,0.00,3,3,4,4,5,5,543,164,30,4,0,0
2017-03-06,21:27:08,5,12,0.00,0.00,0.00,3,3,4,4,4,4,561,163,24,2,0,0
